`centenarians` <-
structure(list(haplogroup = structure(as.integer(c(1, 1, 1, 1, 
2, 2, 2, 2, 3, 3, 3, 3, 4, 4, 4, 4, 5, 5, 5, 5, 6, 6, 6, 6, 7, 
7, 7, 7, 8, 8, 8, 8, 9, 9, 9, 9, 10, 10, 10, 10, 1, 1, 1, 1, 
2, 2, 2, 2, 3, 3, 3, 3, 4, 4, 4, 4, 5, 5, 5, 5, 6, 6, 6, 6, 7, 
7, 7, 7, 8, 8, 8, 8, 9, 9, 9, 9, 10, 10, 10, 10)), .Label = c("H", 
"I", "J", "K", "T", "U", "V", "W", "X", "Other"), class = "factor"), 
    count = c(27, 28, 24, 13, 3, 2, 0, 0, 5, 11, 1, 6, 4, 4, 
    2, 2, 9, 12, 4, 0, 15, 12, 12, 1, 0, 4, 1, 1, 2, 2, 2, 0, 
    2, 2, 1, 1, 7, 6, 4, 2, 26, 29, 31, 15, 1, 3, 3, 3, 2, 4, 
    5, 2, 9, 5, 6, 4, 9, 4, 7, 2, 8, 8, 11, 5, 3, 5, 1, 1, 4, 
    1, 2, 0, 2, 4, 3, 1, 12, 4, 5, 3), status = structure(as.integer(c(1, 
    2, 1, 2, 1, 2, 1, 2, 1, 2, 1, 2, 1, 2, 1, 2, 1, 2, 1, 2, 
    1, 2, 1, 2, 1, 2, 1, 2, 1, 2, 1, 2, 1, 2, 1, 2, 1, 2, 1, 
    2, 1, 2, 1, 2, 1, 2, 1, 2, 1, 2, 1, 2, 1, 2, 1, 2, 1, 2, 
    1, 2, 1, 2, 1, 2, 1, 2, 1, 2, 1, 2, 1, 2, 1, 2, 1, 2, 1, 
    2, 1, 2)), .Label = c("Control", "Case"), class = "factor"), 
    sex = structure(as.integer(c(1, 1, 2, 2, 1, 1, 2, 2, 1, 1, 
    2, 2, 1, 1, 2, 2, 1, 1, 2, 2, 1, 1, 2, 2, 1, 1, 2, 2, 1, 
    1, 2, 2, 1, 1, 2, 2, 1, 1, 2, 2, 1, 1, 2, 2, 1, 1, 2, 2, 
    1, 1, 2, 2, 1, 1, 2, 2, 1, 1, 2, 2, 1, 1, 2, 2, 1, 1, 2, 
    2, 1, 1, 2, 2, 1, 1, 2, 2, 1, 1, 2, 2)), .Label = c("Female", 
    "Male"), class = "factor"), area = structure(as.integer(c(1, 
    1, 1, 1, 1, 1, 1, 1, 1, 1, 1, 1, 1, 1, 1, 1, 1, 1, 1, 1, 
    1, 1, 1, 1, 1, 1, 1, 1, 1, 1, 1, 1, 1, 1, 1, 1, 1, 1, 1, 
    1, 2, 2, 2, 2, 2, 2, 2, 2, 2, 2, 2, 2, 2, 2, 2, 2, 2, 2, 
    2, 2, 2, 2, 2, 2, 2, 2, 2, 2, 2, 2, 2, 2, 2, 2, 2, 2, 2, 
    2, 2, 2)), .Label = c("North", "South"), class = "factor")), .Names = c("haplogroup", 
"count", "status", "sex", "area"), row.names = as.integer(c(NA, 
80)), class = "data.frame")
